Macierz Incydencji
1	0	4	0	7	0	0	0	0	
-1	0	0	-4	0	5	0	0	6	
0	0	0	4	0	0	-1	0	0	
0	0	-4	0	0	0	0	1	0	
0	1	0	0	-7	-5	0	-1	0	
0	-1	0	0	0	0	1	0	-6	

0 -> 1 = 1
0 -> 3 = 4
3 -> 4 = 1
4 -> 5 = 1
5 -> 2 = 1
8

Lista nastepnikow
0: 4:7	3:4	1:1	
1: 5:6	4:5	2:4	0:1	
2: 5:1	1:4	
3: 4:1	0:4	
4: 3:1	1:5	0:7	5:1	
5: 1:6	2:1	4:1	

0 -> 1 = 1
0 -> 3 = 4
3 -> 4 = 1
4 -> 5 = 1
5 -> 2 = 1
8

Macierz Sasiedztwa
0	1	0	4	7	0	
1	0	4	0	5	6	
0	4	0	0	0	1	
4	0	0	0	1	0	
7	5	0	1	0	1	
0	6	1	0	1	0	

0 -> 1 = 1
0 -> 3 = 4
3 -> 4 = 1
4 -> 5 = 1
5 -> 2 = 1
8

Macierz Incydencji
1	0	4	0	7	0	0	0	0	
-1	0	0	-4	0	5	0	0	6	
0	0	0	4	0	0	-1	0	0	
0	0	-4	0	0	0	0	1	0	
0	1	0	0	-7	-5	0	-1	0	
0	-1	0	0	0	0	1	0	-6	

0->1 = 1
4->5 = 1
5->2 = 1
3->4 = 1
0->3 = 4
8

Lista nastepnikow
0: 4:7	3:4	1:1	
1: 5:6	4:5	2:4	0:1	
2: 5:1	1:4	
3: 4:1	0:4	
4: 3:1	1:5	0:7	5:1	
5: 1:6	2:1	4:1	

0->1 = 1
2->5 = 1
3->4 = 1
4->5 = 1
0->3 = 4
8

Macierz Sasiedztwa
0	1	0	4	7	0	
1	0	4	0	5	6	
0	4	0	0	0	1	
4	0	0	0	1	0	
7	5	0	1	0	1	
0	6	1	0	1	0	

0->1 = 1
2->5 = 1
3->4 = 1
4->5 = 1
0->3 = 4
8

Macierz Incydencji
1	0	4	0	7	0	0	0	0	
-1	0	0	-4	0	5	0	0	6	
0	0	0	4	0	0	-1	0	0	
0	0	-4	0	0	0	0	1	0	
0	1	0	0	-7	-5	0	-1	0	
0	-1	0	0	0	0	1	0	-6	

Value: 7 Path: 2 <-- 5 <-- 4 <-- 3 <-- 0
7

Lista nastepnikow
0: 4:7	3:4	1:1	
1: 5:6	4:5	
2: 1:4	
3: 4:1	
4: 5:1	
5: 2:1	

Value: 7 Path: 2 <-- 5 <-- 4 <-- 3 <-- 0
7

Macierz Sasiedztwa
0	1	0	4	7	0	
0	0	0	0	5	6	
0	4	0	0	0	0	
0	0	0	0	1	0	
0	0	0	0	0	1	
0	0	1	0	0	0	

Value: 7 Path: 2 <-- 5 <-- 4 <-- 3 <-- 0
7

Macierz Incydencji
1	0	4	0	7	0	0	0	0	
-1	0	0	-4	0	5	0	0	6	
0	0	0	4	0	0	-1	0	0	
0	0	-4	0	0	0	0	1	0	
0	1	0	0	-7	-5	0	-1	0	
0	-1	0	0	0	0	1	0	-6	

Value: 7 Path: 2 <-- 5 <-- 4 <-- 3 <-- 0
7

Lista nastepnikow
0: 4:7	3:4	1:1	
1: 5:6	4:5	
2: 1:4	
3: 4:1	
4: 5:1	
5: 2:1	

Value: 7 Path: 2 <-- 5 <-- 4 <-- 3 <-- 0
7

Macierz Sasiedztwa
0	1	0	4	7	0	
0	0	0	0	5	6	
0	4	0	0	0	0	
0	0	0	0	1	0	
0	0	0	0	0	1	
0	0	1	0	0	0	

Value: 7 Path: 2 <-- 5 <-- 4 <-- 3 <-- 0
7

Macierz Incydencji
1	0	4	0	7	0	0	0	0	
-1	0	0	-4	0	5	0	0	6	
0	0	0	4	0	0	-1	0	0	
0	0	-4	0	0	0	0	1	0	
0	1	0	0	-7	-5	0	-1	0	
0	-1	0	0	0	0	1	0	-6	

Value: 7 Path: 2 <-- 5 <-- 4 <-- 3 <-- 0
7

Lista nastepnikow
0: 4:7	3:4	1:1	
1: 5:6	4:5	
2: 1:4	
3: 4:1	
4: 5:1	
5: 2:1	

Value: 7 Path: 2 <-- 5 <-- 4 <-- 3 <-- 0
7

Macierz Sasiedztwa
0	1	0	4	7	0	
0	0	0	0	5	6	
0	4	0	0	0	0	
0	0	0	0	1	0	
0	0	0	0	0	1	
0	0	1	0	0	0	

Value: 7 Path: 2 <-- 5 <-- 4 <-- 3 <-- 0
7

Macierz Incydencji
1	0	4	0	7	0	0	0	0	
-1	0	0	-4	0	5	0	0	6	
0	0	0	4	0	0	-1	0	0	
0	0	-4	0	0	0	0	1	0	
0	1	0	0	-7	-5	0	-1	0	
0	-1	0	0	0	0	1	0	-6	

Value: 7 Path: 2 <-- 5 <-- 4 <-- 3 <-- 0
7

Lista nastepnikow
0: 4:7	3:4	1:1	
1: 5:6	4:5	
2: 1:4	
3: 4:1	
4: 5:1	
5: 2:1	

Value: 7 Path: 2 <-- 5 <-- 4 <-- 3 <-- 0
7

Macierz Sasiedztwa
0	1	0	4	7	0	
0	0	0	0	5	6	
0	4	0	0	0	0	
0	0	0	0	1	0	
0	0	0	0	0	1	
0	0	1	0	0	0	

Value: 7 Path: 2 <-- 5 <-- 4 <-- 3 <-- 0
7

Macierz Incydencji
1	0	4	0	7	0	0	0	0	
-1	0	0	-4	0	5	0	0	6	
0	0	0	4	0	0	-1	0	0	
0	0	-4	0	0	0	0	1	0	
0	1	0	0	-7	-5	0	-1	0	
0	-1	0	0	0	0	1	0	-6	

Value: 7 Path: 2 <-- 5 <-- 4 <-- 3 <-- 0
7

Lista nastepnikow
0: 4:7	3:4	1:1	
1: 5:6	4:5	
2: 1:4	
3: 4:1	
4: 5:1	
5: 2:1	

Value: 7 Path: 2 <-- 5 <-- 4 <-- 3 <-- 0
7

Macierz Sasiedztwa
0	1	0	4	7	0	
0	0	0	0	5	6	
0	4	0	0	0	0	
0	0	0	0	1	0	
0	0	0	0	0	1	
0	0	1	0	0	0	

Value: 7 Path: 2 <-- 5 <-- 4 <-- 3 <-- 0
7

Macierz Incydencji
1	0	4	0	7	0	0	0	0	
-1	0	0	-4	0	5	0	0	6	
0	0	0	4	0	0	-1	0	0	
0	0	-4	0	0	0	0	1	0	
0	1	0	0	-7	-5	0	-1	0	
0	-1	0	0	0	0	1	0	-6	

Value: 7 Path: 2 <-- 5 <-- 4 <-- 3 <-- 0
7

Lista nastepnikow
0: 4:7	3:4	1:1	
1: 5:6	4:5	
2: 1:4	
3: 4:1	
4: 5:1	
5: 2:1	

Value: 7 Path: 2 <-- 5 <-- 4 <-- 3 <-- 0
7

Macierz Sasiedztwa
0	1	0	4	7	0	
0	0	0	0	5	6	
0	4	0	0	0	0	
0	0	0	0	1	0	
0	0	0	0	0	1	
0	0	1	0	0	0	

Value: 7 Path: 2 <-- 5 <-- 4 <-- 3 <-- 0
7

Macierz Incydencji
1	0	4	0	7	0	0	0	0	
-1	0	0	-4	0	5	0	0	6	
0	0	0	4	0	0	-1	0	0	
0	0	-4	0	0	0	0	1	0	
0	1	0	0	-7	-5	0	-1	0	
0	-1	0	0	0	0	1	0	-6	

Value: 7 Path: 2 <-- 5 <-- 4 <-- 3 <-- 0
7

Lista nastepnikow
0: 4:7	3:4	1:1	
1: 5:6	4:5	
2: 1:4	
3: 4:1	
4: 5:1	
5: 2:1	

Value: 7 Path: 2 <-- 5 <-- 4 <-- 3 <-- 0
7

Macierz Sasiedztwa
0	1	0	4	7	0	
0	0	0	0	5	6	
0	4	0	0	0	0	
0	0	0	0	1	0	
0	0	0	0	0	1	
0	0	1	0	0	0	

Value: 7 Path: 2 <-- 5 <-- 4 <-- 3 <-- 0
7

Macierz Incydencji
1	0	4	0	7	0	0	0	0	
-1	0	0	-4	0	5	0	0	6	
0	0	0	4	0	0	-1	0	0	
0	0	-4	0	0	0	0	1	0	
0	1	0	0	-7	-5	0	-1	0	
0	-1	0	0	0	0	1	0	-6	

Value: 7 Path: 2 <-- 5 <-- 4 <-- 3 <-- 0
7

Lista nastepnikow
0: 4:7	3:4	1:1	
1: 5:6	4:5	
2: 1:4	
3: 4:1	
4: 5:1	
5: 2:1	

Value: 7 Path: 2 <-- 5 <-- 4 <-- 3 <-- 0
7

Macierz Sasiedztwa
0	1	0	4	7	0	
0	0	0	0	5	6	
0	4	0	0	0	0	
0	0	0	0	1	0	
0	0	0	0	0	1	
0	0	1	0	0	0	

Value: 7 Path: 2 <-- 5 <-- 4 <-- 3 <-- 0
7

Macierz Incydencji
1	0	4	0	7	0	0	0	0	
-1	0	0	-4	0	5	0	0	6	
0	0	0	4	0	0	-1	0	0	
0	0	-4	0	0	0	0	1	0	
0	1	0	0	-7	-5	0	-1	0	
0	-1	0	0	0	0	1	0	-6	

Value: 7 Path: 2 <-- 5 <-- 4 <-- 3 <-- 0
7

Lista nastepnikow
0: 4:7	3:4	1:1	
1: 5:6	4:5	
2: 1:4	
3: 4:1	
4: 5:1	
5: 2:1	

Value: 7 Path: 2 <-- 5 <-- 4 <-- 3 <-- 0
7

Macierz Sasiedztwa
0	1	0	4	7	0	
0	0	0	0	5	6	
0	4	0	0	0	0	
0	0	0	0	1	0	
0	0	0	0	0	1	
0	0	1	0	0	0	

Value: 7 Path: 2 <-- 5 <-- 4 <-- 3 <-- 0
7

Macierz Incydencji
1	0	4	0	7	0	0	0	0	
-1	0	0	-4	0	5	0	0	6	
0	0	0	4	0	0	-1	0	0	
0	0	-4	0	0	0	0	1	0	
0	1	0	0	-7	-5	0	-1	0	
0	-1	0	0	0	0	1	0	-6	

0->1 = 1
4->5 = 1
5->2 = 1
3->4 = 1
0->3 = 4
8

Lista nastepnikow
0: 4:7	3:4	1:1	
1: 5:6	4:5	2:4	0:1	
2: 5:1	1:4	
3: 4:1	0:4	
4: 3:1	1:5	0:7	5:1	
5: 1:6	2:1	4:1	

0->1 = 1
2->5 = 1
3->4 = 1
4->5 = 1
0->3 = 4
8

Macierz Sasiedztwa
0	1	0	4	7	0	
1	0	4	0	5	6	
0	4	0	0	0	1	
4	0	0	0	1	0	
7	5	0	1	0	1	
0	6	1	0	1	0	

0->1 = 1
2->5 = 1
3->4 = 1
4->5 = 1
0->3 = 4
8

Macierz Incydencji
1	0	4	0	7	0	0	0	0	
-1	0	0	-4	0	5	0	0	6	
0	0	0	4	0	0	-1	0	0	
0	0	-4	0	0	0	0	1	0	
0	1	0	0	-7	-5	0	-1	0	
0	-1	0	0	0	0	1	0	-6	

Value: 7 Path: 2 <-- 5 <-- 4 <-- 3 <-- 0
7

Lista nastepnikow
0: 4:7	3:4	1:1	
1: 5:6	4:5	
2: 1:4	
3: 4:1	
4: 5:1	
5: 2:1	

Value: 7 Path: 2 <-- 5 <-- 4 <-- 3 <-- 0
7

Macierz Sasiedztwa
0	1	0	4	7	0	
0	0	0	0	5	6	
0	4	0	0	0	0	
0	0	0	0	1	0	
0	0	0	0	0	1	
0	0	1	0	0	0	

Value: 7 Path: 2 <-- 5 <-- 4 <-- 3 <-- 0
7

