Macierz Incydencji
0	3	3	0	0	0	0	-6	0	
0	-3	0	1	0	0	0	0	-3	
0	0	0	-1	3	1	0	0	0	
-1	0	0	0	-3	0	0	0	3	
0	0	-3	0	0	0	2	0	0	
1	0	0	0	0	-1	-2	6	0	

Value: 3 Path: 1 <-- 0
3

Lista nastepnikow
0: 4:3	1:3	
1: 2:1	
2: 5:1	3:3	
3: 1:3	
4: 5:2	
5: 0:6	3:1	

Value: 3 Path: 1 <-- 0
3

Macierz Sasiedztwa
0	3	0	0	3	0	
0	0	1	0	0	0	
0	0	0	3	0	1	
0	3	0	0	0	0	
0	0	0	0	0	2	
6	0	0	1	0	0	

Value: 3 Path: 1 <-- 0
3

Macierz Incydencji
0	3	3	0	0	0	0	-6	0	
0	-3	0	1	0	0	0	0	-3	
0	0	0	-1	3	1	0	0	0	
-1	0	0	0	-3	0	0	0	3	
0	0	-3	0	0	0	2	0	0	
1	0	0	0	0	-1	-2	6	0	

Value: 6 Path: 3 <-- 5 <-- 4 <-- 0
6

Lista nastepnikow
0: 4:3	1:3	
1: 2:1	
2: 5:1	3:3	
3: 1:3	
4: 5:2	
5: 0:6	3:1	

Value: 6 Path: 3 <-- 5 <-- 4 <-- 0
6

Macierz Sasiedztwa
0	3	0	0	3	0	
0	0	1	0	0	0	
0	0	0	3	0	1	
0	3	0	0	0	0	
0	0	0	0	0	2	
6	0	0	1	0	0	

Value: 6 Path: 3 <-- 5 <-- 4 <-- 0
6

Macierz Incydencji
0	3	3	0	0	0	0	-6	0	
0	-3	0	1	0	0	0	0	-3	
0	0	0	-1	3	1	0	0	0	
-1	0	0	0	-3	0	0	0	3	
0	0	-3	0	0	0	2	0	0	
1	0	0	0	0	-1	-2	6	0	

Value: 4 Path: 2 <-- 1 <-- 0
4

Lista nastepnikow
0: 4:3	1:3	
1: 2:1	
2: 5:1	3:3	
3: 1:3	
4: 5:2	
5: 0:6	3:1	

Value: 4 Path: 2 <-- 1 <-- 0
4

Macierz Sasiedztwa
0	3	0	0	3	0	
0	0	1	0	0	0	
0	0	0	3	0	1	
0	3	0	0	0	0	
0	0	0	0	0	2	
6	0	0	1	0	0	

Value: 4 Path: 2 <-- 1 <-- 0
4

Macierz Incydencji
0	3	3	0	0	0	0	-6	0	
0	-3	0	1	0	0	0	0	-3	
0	0	0	-1	3	1	0	0	0	
-1	0	0	0	-3	0	0	0	3	
0	0	-3	0	0	0	2	0	0	
1	0	0	0	0	-1	-2	6	0	

Value: 6 Path: 3 <-- 5 <-- 2 <-- 1 <-- 0
6

Lista nastepnikow
0: 4:3	1:3	
1: 2:1	
2: 5:1	3:3	
3: 1:3	
4: 5:2	
5: 0:6	3:1	

Value: 6 Path: 3 <-- 5 <-- 2 <-- 1 <-- 0
6

Macierz Sasiedztwa
0	3	0	0	3	0	
0	0	1	0	0	0	
0	0	0	3	0	1	
0	3	0	0	0	0	
0	0	0	0	0	2	
6	0	0	1	0	0	

Value: 6 Path: 3 <-- 5 <-- 2 <-- 1 <-- 0
6

Macierz Incydencji
0	3	3	0	0	0	0	-6	0	
0	-3	0	1	0	0	0	0	-3	
0	0	0	-1	3	1	0	0	0	
-1	0	0	0	-3	0	0	0	3	
0	0	-3	0	0	0	2	0	0	
1	0	0	0	0	-1	-2	6	0	

Value: 5 Path: 5 <-- 2 <-- 1 <-- 0
5

Lista nastepnikow
0: 4:3	1:3	
1: 2:1	
2: 5:1	3:3	
3: 1:3	
4: 5:2	
5: 0:6	3:1	

Value: 5 Path: 5 <-- 2 <-- 1 <-- 0
5

Macierz Sasiedztwa
0	3	0	0	3	0	
0	0	1	0	0	0	
0	0	0	3	0	1	
0	3	0	0	0	0	
0	0	0	0	0	2	
6	0	0	1	0	0	

Value: 5 Path: 5 <-- 2 <-- 1 <-- 0
5

