Macierz Incydencji
1	1	0	0	0	0	0	0	0	0	0	0	0	0	
-1	0	1	2	0	0	0	0	0	0	0	0	0	0	
0	-1	-1	0	2	3	0	0	0	0	0	0	0	0	
0	0	0	-2	0	0	2	0	3	4	0	0	0	0	
0	0	0	0	-2	0	-2	4	0	0	0	0	0	0	
0	0	0	0	0	-3	0	-4	0	0	2	0	0	0	
0	0	0	0	0	0	0	0	-3	0	0	14	2	0	
0	0	0	0	0	0	0	0	0	-4	-2	-14	0	10	
0	0	0	0	0	0	0	0	0	0	0	0	-2	-10	

0 -> 1 = 1
0 -> 2 = 1
1 -> 3 = 2
2 -> 4 = 2
3 -> 6 = 3
6 -> 8 = 2
2 -> 5 = 3
5 -> 7 = 2
16

Lista nastepnikow
0: 2:1	1:1	
1: 3:2	2:1	0:1	
2: 5:3	4:2	1:1	0:1	
3: 7:4	6:3	4:2	1:2	
4: 5:4	3:2	2:2	
5: 7:2	4:4	2:3	
6: 8:2	7:14	3:3	
7: 8:10	6:14	5:2	3:4	
8: 7:10	6:2	

0 -> 2 = 1
0 -> 1 = 1
2 -> 4 = 2
1 -> 3 = 2
2 -> 5 = 3
5 -> 7 = 2
3 -> 6 = 3
6 -> 8 = 2
16

Macierz Sasiedztwa
0	1	1	0	0	0	0	0	0	
1	0	1	2	0	0	0	0	0	
1	1	0	0	2	3	0	0	0	
0	2	0	0	2	0	3	4	0	
0	0	2	2	0	4	0	0	0	
0	0	3	0	4	0	0	2	0	
0	0	0	3	0	0	0	14	2	
0	0	0	4	0	2	14	0	10	
0	0	0	0	0	0	2	10	0	

0 -> 1 = 1
0 -> 2 = 1
1 -> 3 = 2
2 -> 4 = 2
3 -> 6 = 3
6 -> 8 = 2
2 -> 5 = 3
5 -> 7 = 2
16

